k = 10
mus = [[3.6025199  4.83936943]
 [4.71296034 0.1986524 ]
 [4.356082   1.6782708 ]
 [4.12471251 2.85796   ]
 [2.14465053 5.08194636]
 [3.85398589 2.10096814]
 [3.75209835 3.20487639]
 [1.30307196 3.29183234]
 [1.14010914 2.78515828]
 [3.4274561  5.20456023]]


covariance matrices = [[[ 3.75429517e-01  4.41361567e-01]
  [ 4.41361567e-01  5.19969327e-01]]

 [[ 1.48798492e-01 -2.85454354e-02]
  [-2.85454354e-02  3.49132323e-02]]

 [[ 1.22727443e-01 -6.60134578e-02]
  [-6.60134578e-02  2.50033836e-01]]

 [[ 1.99033468e-02  2.84515021e-02]
  [ 2.84515021e-02  6.58684882e-02]]

 [[ 6.25215337e-01  2.66846671e-01]
  [ 2.66846671e-01  1.14271145e+00]]

 [[ 1.35135357e-02  1.58503668e-03]
  [ 1.58503668e-03  2.50685466e-04]]

 [[ 2.08282963e-01 -3.02666524e-01]
  [-3.02666524e-01  8.50492621e-01]]

 [[ 1.00560907e+00  9.90227009e-01]
  [ 9.90227009e-01  1.14660462e+00]]

 [[ 6.58828033e-01  2.24299843e-01]
  [ 2.24299843e-01  3.91589498e-01]]

 [[ 8.85017840e-01 -1.96596216e-01]
  [-1.96596216e-01  8.51715398e-01]]]


log_likelihood = -5191.530622552291


K = 5

mus = [[1.87818858 2.68555211]
 [2.98754896 5.0617341 ]
 [4.07182365 2.21736995]
 [3.95411976 3.045238  ]
 [1.01229367 2.90454076]]

covs = [[[ 0.12519243 -0.00347678]
  [-0.00347678  0.30986251]]

 [[ 1.01766795 -0.04941322]
  [-0.04941322  0.98578055]]

 [[ 0.2104126  -0.32793317]
  [-0.32793317  1.00038797]]

 [[ 0.26025229 -0.45255172]
  [-0.45255172  1.03764694]]

 [[ 0.61327566  0.42382975]
  [ 0.42382975  0.58797768]]]


llog_likelihood = -5182.342568808126

K = 3

mus = [[1.08271327 2.8828234 ]
 [2.97193003 5.04472742]
 [4.04333322 2.50060083]]

covs = [[[ 0.64506251  0.38116334]
  [ 0.38116334  0.5568736 ]]

 [[ 1.01331798 -0.02915437]
  [-0.02915437  1.01501022]]

 [[ 0.21979711 -0.37026767]
  [-0.37026767  1.14190251]]]

llog_likelihood = -5163.783529031638

K = 2

mus = [[1.49386365 3.60593399]
 [3.74590611 3.68496211]]

covs = [[[ 0.98615571  0.90483046]
  [ 0.90483046  1.61666384]]

 [[ 0.56267209 -0.71849557]
  [-0.71849557  2.81343664]]]


log_likelihood = -4351.052100754644


Problem 4b

means = [[1.05833721 2.86252546]
 [2.96181922 5.01112187]
 [4.05114762 2.48308263]]


covs = [[[ 0.62525913  0.36671588]
  [ 0.36671588  0.53931915]]

 [[ 1.01035486 -0.01493178]
  [-0.01493178  1.04653923]]

 [[ 0.21579402 -0.36254312]
  [-0.36254312  1.12459445]]]